
sumando <- 1029384756 + 5647382910

restando <- 1029384756 - 5647382910

multiplicando <- 1029384756 * 5647382910

dividiendo <- 1029384756/5647382910

potenciando <- 5^2

